0.000019
0.000018
0.000011
0.000012
0.000012
0.000012
0.000012
0.000012
0.000011
0.000012
0.000011
0.000012
0.000016
0.000012
0.000016
0.000012
0.000012
0.000012
0.000012
0.000012
0.000012
0.000012
0.000011
0.000012
0.000012
0.000012
0.000016
0.000017
0.000016
0.000016
0.000016
0.000012
0.000011
0.000016
0.000016
0.000016
0.000016
0.000016
0.000017
0.000016
0.000017
0.000016
0.000016
0.000017
0.000016
0.000013
0.000013
0.000016
0.000013
0.000013
0.000013
0.000013
0.000011
0.000014
0.000012
0.000014
0.000013
0.000016
0.000012
0.000011
0.000011
0.000013
0.000013
0.000011
0.000014
0.000013
0.000013
0.000014
0.000013
0.000013
0.000017
0.000013
0.000013
0.000012
0.000012
0.000013
0.000012
0.000013
0.000011
0.000014
0.000012
0.000013
0.000012
0.000013
0.000012
0.000017
0.000011
0.000014
0.000017
0.000012
0.000011
0.000014
0.000013
0.000013
0.000017
0.000012
0.000011
0.000013
0.000016
0.000013
0.000085
0.000077
0.000070
0.000069
0.000069
0.000070
0.000070
0.000070
0.000070
0.000069
0.000069
0.000070
0.000073
0.000069
0.000074
0.000070
0.000069
0.000070
0.000070
0.000069
0.000069
0.000069
0.000069
0.000069
0.000069
0.000070
0.000074
0.000077
0.000074
0.000074
0.000074
0.000069
0.000070
0.000074
0.000074
0.000074
0.000074
0.000074
0.000074
0.000074
0.000074
0.000073
0.000074
0.000074
0.000074
0.000070
0.000070
0.000074
0.000070
0.000069
0.000069
0.000069
0.000070
0.000069
0.000069
0.000069
0.000069
0.000074
0.000070
0.000070
0.000070
0.000069
0.000069
0.000070
0.000069
0.000070
0.000069
0.000070
0.000069
0.000070
0.000074
0.000075
0.000070
0.000070
0.000070
0.000070
0.000069
0.000075
0.000070
0.000069
0.000069
0.000070
0.000069
0.000070
0.000070
0.000073
0.000070
0.000070
0.000074
0.000070
0.000070
0.000069
0.000070
0.000070
0.000074
0.000069
0.000070
0.000070
0.000074
0.000069
0.000729
0.000589
0.000588
0.000588
0.000596
0.000588
0.000590
0.000587
0.000592
0.000598
0.000588
0.000588
0.000631
0.000591
0.000629
0.000589
0.000808
0.000808
0.000807
0.000813
0.000807
0.000808
0.000816
0.000808
0.000809
0.000807
0.000881
0.000873
0.000873
0.000910
0.000873
0.000808
0.000808
0.000873
0.000872
0.000869
0.000108
0.000106
0.000106
0.000106
0.000106
0.000107
0.000107
0.000106
0.000106
0.000097
0.000096
0.000106
0.000096
0.000096
0.000096
0.000096
0.000096
0.000097
0.000096
0.000096
0.000141
0.000148
0.000141
0.000140
0.000140
0.000141
0.000141
0.000141
0.000141
0.000141
0.000141
0.000147
0.000141
0.000141
0.000149
0.000142
0.000141
0.000141
0.000140
0.000147
0.000141
0.000172
0.000171
0.000172
0.000172
0.000171
0.000172
0.000172
0.000171
0.000184
0.000171
0.000172
0.000184
0.000171
0.000172
0.000172
0.000171
0.000171
0.000184
0.000172
0.000186
0.000314
0.000339
0.000309
0.003550
0.003004
0.002999
0.002998
0.002993
0.003000
0.002995
0.003000
0.002996
0.003023
0.002999
0.002997
0.003011
0.002995
0.003012
0.002996
0.004295
0.004296
0.004291
0.004293
0.004292
0.004298
0.004303
0.004295
0.004292
0.004306
0.004324
0.004307
0.004300
0.004302
0.004302
0.004300
0.004304
0.004303
0.004307
0.004304
0.004865
0.004861
0.004859
0.004857
0.004859
0.004866
0.004871
0.004861
0.004887
0.004852
0.004854
0.004868
0.004849
0.004847
0.004855
0.004849
0.004855
0.004851
0.004849
0.004853
0.000380
0.000381
0.000380
0.000380
0.000380
0.000379
0.000380
0.000384
0.000380
0.000385
0.000380
0.000379
0.000380
0.000386
0.000381
0.000380
0.000379
0.000385
0.000380
0.000380
0.000380
0.003891
0.003878
0.003875
0.003877
0.003880
0.003874
0.003880
0.003872
0.003893
0.003875
0.003876
0.003896
0.003877
0.004027
0.003874
0.003877
0.003873
0.004040
0.003877
0.003883
0.001820
0.001962
0.001825
0.047115
0.045396
0.045347
0.045120
0.045416
0.045241
0.045339
0.045324
0.045315
0.044319
0.045425
0.044396
0.045715
0.045328
0.045695
0.046537
0.045324
0.045316
0.045313
0.045333
0.045288
0.045372
0.045353
0.045273
0.045276
0.046318
0.045971
0.045380
0.045182
0.045191
0.045501
0.044826
0.044824
0.045121
0.044759
0.044792
0.044798
0.045122
0.044577
0.044865
0.044779
0.045216
0.045474
0.045586
0.045447
0.045401
0.045259
0.045339
0.045295
0.045322
0.045338
0.045338
0.045354
0.045291
0.045340
0.045356
0.045354
0.045456
0.045346
0.045335
0.045363
0.045566
0.045388
0.045362
0.045359
0.045643
0.045305
0.045294
0.045292
0.045560
0.045386
0.045273
0.045259
0.045283
0.045519
0.045518
0.045339
0.045298
0.045511
0.045276
0.045308
0.045321
0.045482
0.045275
0.045264
0.045725
0.045522
0.045335
0.045760
0.045322
0.045381
0.045304
0.045280
0.045484
0.045416
0.045505
0.045304
0.045287
0.045400
0.045259
0.000076
0.000033
0.000033
0.000031
0.000037
0.000022
0.000023
0.000024
0.000033
0.000058
0.000027
0.000034
0.000032
0.000039
0.000051
0.000037
0.000029
0.000023
0.000025
0.000023
0.000024
0.000028
0.000030
0.000023
0.000026
0.000060
0.000063
0.000034
0.000071
0.000042
0.000032
0.000029
0.000038
0.000036
0.000040
0.000039
0.000050
0.000045
0.000048
0.000029
0.000043
0.000044
0.000029
0.000046
0.000031
0.000043
0.000038
0.000037
0.000036
0.000043
0.000037
0.000038
0.000024
0.000040
0.000024
0.000053
0.000035
0.000040
0.000022
0.000022
0.000037
0.000048
0.000023
0.000055
0.000025
0.000047
0.000038
0.000024
0.000024
0.000033
0.000043
0.000024
0.000039
0.000035
0.000056
0.000046
0.000024
0.000023
0.000032
0.000022
0.000023
0.000022
0.000031
0.000039
0.000047
0.000023
0.000050
0.000041
0.000035
0.000022
0.000031
0.000037
0.000033
0.000048
0.000041
0.000029
0.000039
0.000044
0.000040
0.000036
